 43763 63857 23555 43941 27449 44109 47937 51008
 26698 34261 35681  5705 10364  3696 34391 19649
 59611 34646 25329  6009 19674 27892 55579 19275
 58025 62630 62614 21769 49080 39667 36937 46544
 12708 40342 58667 29051 24925 46486 46774 37768
 64058 12696 32743 25646  5887 62990  9650  4095
  7231 46806 47028 30097 53419 10948 17145 62788
 19234  1476 51683 23293 41246  3258  7644 41416
 36270 57593 28090 18515 50898 49915 24921 44602
 63106  7825   606 33066 44676 36528 46438 59865
 46919 16789 52035 56160 53326 19805 52004  7844
 11836  2192 44195 44844 48118 46150 15900 28114
 47224 33926 19843 40659 15630 28338 56363 54663
 10454 12676  8042  3763 34731 19550 19774  7226
 65163 55160  5819 35157 25900 56139 55265   207
   617 58758  8795 31508 54282 24344 49250 20042
  4711 37072 61506 46695 18274 61927  2288 58651
 41720 61842 56353 55326 37754 14693 23740 48951
 13603  9049 51616 40652 16122 60853
